ger,no,val,fit
0,0,4.69,0
1,0,4.69,-1.26584
2,0,6.45,0.341286
3,0,6.45,0.341286
4,0,6.45,0.341286
5,0,6.45,0.341286
6,0,6.45,0.341286
7,0,7.62,1.77968
8,0,7.62,1.77968
9,0,7.62,1.77968
10,0,7.62,1.77968
11,0,7.62,1.77968
12,0,7.62,1.77968
13,0,7.62,1.77968
14,0,7.62,1.77968
15,0,7.62,1.77968
16,0,7.62,1.77968
17,0,7.58,1.80859
18,0,7.58,1.80859
19,0,7.58,1.80859
20,0,7.58,1.80859
21,0,7.58,1.80859
22,0,7.58,1.80859
23,0,7.58,1.80859
24,0,7.58,1.80859
25,0,7.58,1.80859
26,0,7.58,1.80859
27,0,7.58,1.80859
28,0,7.58,1.80859
29,0,7.58,1.80859
30,0,7.58,1.80859
31,0,7.58,1.80859
32,0,7.58,1.80859
33,0,7.58,1.80859
34,0,7.58,1.80859
35,0,7.58,1.80859
36,0,7.58,1.80859
37,0,7.58,1.80859
38,0,7.58,1.80859
39,0,7.58,1.80859
40,0,7.58,1.80859
41,0,7.58,1.80859
42,0,7.58,1.80859
43,0,7.58,1.80859
44,0,7.58,1.80859
45,0,7.58,1.80859
46,0,7.4,1.86742
47,0,7.4,1.86742
48,0,7.4,1.86742
49,0,7.4,1.86742
0,1,6.45,0
1,1,6.45,0.341286
2,1,6.45,0.341286
3,1,6.45,0.341286
4,1,6.45,0.341286
5,1,7.62,1.77968
6,1,7.62,1.77968
7,1,7.62,1.77968
8,1,7.62,1.77968
9,1,7.62,1.77968
10,1,7.62,1.77968
11,1,7.62,1.77968
12,1,7.62,1.77968
13,1,7.62,1.77968
14,1,7.62,1.77968
15,1,7.62,1.77968
16,1,7.62,1.77968
17,1,7.62,1.77968
18,1,7.62,1.77968
19,1,7.62,1.77968
20,1,7.62,1.77968
21,1,7.62,1.77968
22,1,7.62,1.77968
23,1,7.62,1.77968
24,1,7.62,1.77968
25,1,7.62,1.77968
26,1,7.62,1.77968
27,1,7.62,1.77968
28,1,7.41,1.86732
29,1,7.41,1.86732
30,1,7.41,1.86732
31,1,7.41,1.86732
32,1,7.41,1.86732
33,1,7.41,1.86732
34,1,7.41,1.86732
35,1,7.4,1.86742
36,1,7.4,1.86742
37,1,7.4,1.86742
38,1,7.4,1.86742
39,1,7.4,1.86742
40,1,7.4,1.86742
41,1,7.4,1.86742
42,1,7.4,1.86742
43,1,7.4,1.86742
44,1,7.4,1.86742
45,1,7.4,1.86742
46,1,7.4,1.86742
47,1,7.4,1.86742
48,1,7.4,1.86742
49,1,7.4,1.86742
0,2,5.03,0
1,2,5.03,-1.70667
2,2,6.45,0.341286
3,2,6.45,0.341286
4,2,6.45,0.341286
5,2,6.45,0.341286
6,2,7.62,1.77968
7,2,7.62,1.77968
8,2,7.62,1.77968
9,2,7.62,1.77968
10,2,7.62,1.77968
11,2,7.62,1.77968
12,2,7.62,1.77968
13,2,7.62,1.77968
14,2,7.62,1.77968
15,2,7.62,1.77968
16,2,7.62,1.77968
17,2,7.62,1.77968
18,2,7.62,1.77968
19,2,7.62,1.77968
20,2,7.62,1.77968
21,2,7.62,1.77968
22,2,7.62,1.77968
23,2,7.62,1.77968
24,2,7.62,1.77968
25,2,7.62,1.77968
26,2,7.62,1.77968
27,2,7.62,1.77968
28,2,7.62,1.77968
29,2,7.62,1.77968
30,2,7.62,1.77968
31,2,7.62,1.77968
32,2,7.62,1.77968
33,2,7.62,1.77968
34,2,7.62,1.77968
35,2,7.62,1.77968
36,2,7.62,1.77968
37,2,7.62,1.77968
38,2,7.62,1.77968
39,2,7.62,1.77968
40,2,7.62,1.77968
41,2,7.41,1.86732
42,2,7.41,1.86732
43,2,7.41,1.86732
44,2,7.41,1.86732
45,2,7.41,1.86732
46,2,7.41,1.86732
47,2,7.41,1.86732
48,2,7.41,1.86732
49,2,7.41,1.86732
0,3,6.08,0
1,3,6.45,0.341286
2,3,6.45,0.341286
3,3,7.62,1.77968
4,3,7.62,1.77968
5,3,7.62,1.77968
6,3,7.62,1.77968
7,3,7.62,1.77968
8,3,7.62,1.77968
9,3,7.62,1.77968
10,3,7.62,1.77968
11,3,7.62,1.77968
12,3,7.62,1.77968
13,3,7.62,1.77968
14,3,7.62,1.77968
15,3,7.62,1.77968
16,3,7.62,1.77968
17,3,7.62,1.77968
18,3,7.62,1.77968
19,3,7.62,1.77968
20,3,7.41,1.86732
21,3,7.41,1.86732
22,3,7.41,1.86732
23,3,7.41,1.86732
24,3,7.41,1.86732
25,3,7.41,1.86732
26,3,7.41,1.86732
27,3,7.41,1.86732
28,3,7.41,1.86732
29,3,7.41,1.86732
30,3,7.41,1.86732
31,3,7.41,1.86732
32,3,7.41,1.86732
33,3,7.41,1.86732
34,3,7.41,1.86732
35,3,7.41,1.86732
36,3,7.41,1.86732
37,3,7.41,1.86732
38,3,7.41,1.86732
39,3,7.41,1.86732
40,3,7.41,1.86732
41,3,7.41,1.86732
42,3,7.41,1.86732
43,3,7.41,1.86732
44,3,7.41,1.86732
45,3,7.41,1.86732
46,3,7.41,1.86732
47,3,7.41,1.86732
48,3,7.41,1.86732
49,3,7.41,1.86732
0,4,6.85,0
1,4,6.85,1.30061
2,4,6.85,1.30061
3,4,6.85,1.30061
4,4,7.62,1.77968
5,4,7.62,1.77968
6,4,7.41,1.86732
7,4,7.41,1.86732
8,4,7.41,1.86732
9,4,7.41,1.86732
10,4,7.41,1.86732
11,4,7.41,1.86732
12,4,7.41,1.86732
13,4,7.41,1.86732
14,4,7.41,1.86732
15,4,7.41,1.86732
16,4,7.41,1.86732
17,4,7.41,1.86732
18,4,7.41,1.86732
19,4,7.41,1.86732
20,4,7.41,1.86732
21,4,7.41,1.86732
22,4,7.41,1.86732
23,4,7.41,1.86732
24,4,7.41,1.86732
25,4,7.41,1.86732
26,4,7.41,1.86732
27,4,7.41,1.86732
28,4,7.41,1.86732
29,4,7.41,1.86732
30,4,7.41,1.86732
31,4,7.41,1.86732
32,4,7.41,1.86732
33,4,7.41,1.86732
34,4,7.41,1.86732
35,4,7.41,1.86732
36,4,7.41,1.86732
37,4,7.41,1.86732
38,4,7.41,1.86732
39,4,7.41,1.86732
40,4,7.41,1.86732
41,4,7.41,1.86732
42,4,7.41,1.86732
43,4,7.41,1.86732
44,4,7.41,1.86732
45,4,7.41,1.86732
46,4,7.41,1.86732
47,4,7.41,1.86732
48,4,7.41,1.86732
49,4,7.41,1.86732
0,5,4.01,0
1,5,4.01,0.0252554
2,5,6.85,1.30061
3,5,6.85,1.30061
4,5,6.85,1.30061
5,5,6.85,1.30061
6,5,7.62,1.77968
7,5,7.62,1.77968
8,5,7.62,1.77968
9,5,7.62,1.77968
10,5,7.62,1.77968
11,5,7.62,1.77968
12,5,7.62,1.77968
13,5,7.62,1.77968
14,5,7.62,1.77968
15,5,7.62,1.77968
16,5,7.62,1.77968
17,5,7.62,1.77968
18,5,7.62,1.77968
19,5,7.62,1.77968
20,5,7.62,1.77968
21,5,7.62,1.77968
22,5,7.62,1.77968
23,5,7.57,1.81494
24,5,7.57,1.81494
25,5,7.57,1.81494
26,5,7.57,1.81494
27,5,7.57,1.81494
28,5,7.57,1.81494
29,5,7.57,1.81494
30,5,7.57,1.81494
31,5,7.57,1.81494
32,5,7.57,1.81494
33,5,7.57,1.81494
34,5,7.57,1.81494
35,5,7.57,1.81494
36,5,7.57,1.81494
37,5,7.57,1.81494
38,5,7.57,1.81494
39,5,7.57,1.81494
40,5,7.57,1.81494
41,5,7.44,1.86473
42,5,7.44,1.86473
43,5,7.44,1.86473
44,5,7.44,1.86473
45,5,7.44,1.86473
46,5,7.44,1.86473
47,5,7.44,1.86473
48,5,7.44,1.86473
49,5,7.44,1.86473
0,6,9.25,0
1,6,7.57,1.81494
2,6,7.57,1.81494
3,6,7.57,1.81494
4,6,7.57,1.81494
5,6,7.57,1.81494
6,6,7.57,1.81494
7,6,7.57,1.81494
8,6,7.57,1.81494
9,6,7.57,1.81494
10,6,7.57,1.81494
11,6,7.57,1.81494
12,6,7.57,1.81494
13,6,7.57,1.81494
14,6,7.57,1.81494
15,6,7.57,1.81494
16,6,7.57,1.81494
17,6,7.57,1.81494
18,6,7.57,1.81494
19,6,7.57,1.81494
20,6,7.57,1.81494
21,6,7.57,1.81494
22,6,7.57,1.81494
23,6,7.57,1.81494
24,6,7.57,1.81494
25,6,7.57,1.81494
26,6,7.57,1.81494
27,6,7.57,1.81494
28,6,7.57,1.81494
29,6,7.57,1.81494
30,6,7.56,1.82095
31,6,7.56,1.82095
32,6,7.56,1.82095
33,6,7.56,1.82095
34,6,7.56,1.82095
35,6,7.56,1.82095
36,6,7.56,1.82095
37,6,7.56,1.82095
38,6,7.56,1.82095
39,6,7.56,1.82095
40,6,7.56,1.82095
41,6,7.56,1.82095
42,6,7.56,1.82095
43,6,7.56,1.82095
44,6,7.56,1.82095
45,6,7.56,1.82095
46,6,7.44,1.86473
47,6,7.44,1.86473
48,6,7.44,1.86473
49,6,7.44,1.86473
0,7,4.3,0
1,7,4.3,-0.521078
2,7,4.3,-0.521078
3,7,4.3,-0.521078
4,7,4.3,-0.521078
5,7,4.3,-0.521078
6,7,4.3,-0.521078
7,7,0.68,1.01176
8,7,0.68,1.01176
9,7,0.68,1.01176
10,7,0.68,1.01176
11,7,0.68,1.01176
12,7,0.68,1.01176
13,7,0.68,1.01176
14,7,0.68,1.01176
15,7,0.68,1.01176
16,7,0.68,1.01176
17,7,0.68,1.01176
18,7,0.68,1.01176
19,7,0.68,1.01176
20,7,0.68,1.01176
21,7,0.68,1.01176
22,7,0.68,1.01176
23,7,0.68,1.01176
24,7,7.57,1.81494
25,7,7.57,1.81494
26,7,7.57,1.81494
27,7,7.57,1.81494
28,7,7.57,1.81494
29,7,7.57,1.81494
30,7,7.57,1.81494
31,7,7.57,1.81494
32,7,7.57,1.81494
33,7,7.47,1.85876
34,7,7.47,1.85876
35,7,7.47,1.85876
36,7,7.47,1.85876
37,7,7.47,1.85876
38,7,7.47,1.85876
39,7,7.47,1.85876
40,7,7.47,1.85876
41,7,7.47,1.85876
42,7,7.47,1.85876
43,7,7.47,1.85876
44,7,7.47,1.85876
45,7,7.47,1.85876
46,7,7.47,1.85876
47,7,7.47,1.85876
48,7,7.47,1.85876
49,7,7.47,1.85876
0,8,9.15,0
1,8,9.15,-0.718841
2,8,4.08,-0.0982279
3,8,4.08,-0.0982279
4,8,4.07,-0.0801586
5,8,4.07,-0.0801586
6,8,0.68,1.01176
7,8,0.68,1.01176
8,8,7.78,1.61181
9,8,7.78,1.61181
10,8,7.78,1.61181
11,8,7.78,1.61181
12,8,7.78,1.61181
13,8,7.78,1.61181
14,8,7.57,1.81494
15,8,7.57,1.81494
16,8,7.57,1.81494
17,8,7.57,1.81494
18,8,7.57,1.81494
19,8,7.47,1.85876
20,8,7.47,1.85876
21,8,7.47,1.85876
22,8,7.47,1.85876
23,8,7.47,1.85876
24,8,7.47,1.85876
25,8,7.47,1.85876
26,8,7.47,1.85876
27,8,7.47,1.85876
28,8,7.47,1.85876
29,8,7.47,1.85876
30,8,7.47,1.85876
31,8,7.47,1.85876
32,8,7.47,1.85876
33,8,7.47,1.85876
34,8,7.47,1.85876
35,8,7.47,1.85876
36,8,7.47,1.85876
37,8,7.47,1.85876
38,8,7.47,1.85876
39,8,7.47,1.85876
40,8,7.47,1.85876
41,8,7.47,1.85876
42,8,7.47,1.85876
43,8,7.47,1.85876
44,8,7.47,1.85876
45,8,7.47,1.85876
46,8,7.47,1.85876
47,8,7.47,1.85876
48,8,7.47,1.85876
49,8,7.47,1.85876
0,9,4.08,0
1,9,4.08,-0.0982279
2,9,4.08,-0.0982279
3,9,4.08,-0.0982279
4,9,0.68,1.01176
5,9,7.78,1.61181
6,9,7.78,1.61181
7,9,7.78,1.61181
8,9,7.78,1.61181
9,9,7.78,1.61181
10,9,7.78,1.61181
11,9,7.78,1.61181
12,9,7.78,1.61181
13,9,7.78,1.61181
14,9,7.78,1.61181
15,9,7.78,1.61181
16,9,7.78,1.61181
17,9,7.47,1.85876
18,9,7.47,1.85876
19,9,7.47,1.85876
20,9,7.47,1.85876
21,9,7.47,1.85876
22,9,7.47,1.85876
23,9,7.47,1.85876
24,9,7.47,1.85876
25,9,7.47,1.85876
26,9,7.47,1.85876
27,9,7.47,1.85876
28,9,7.47,1.85876
29,9,7.44,1.86473
30,9,7.44,1.86473
31,9,7.44,1.86473
32,9,7.44,1.86473
33,9,7.44,1.86473
34,9,7.44,1.86473
35,9,7.44,1.86473
36,9,7.44,1.86473
37,9,7.44,1.86473
38,9,7.44,1.86473
39,9,7.44,1.86473
40,9,7.44,1.86473
41,9,7.44,1.86473
42,9,7.44,1.86473
43,9,7.44,1.86473
44,9,7.44,1.86473
45,9,7.44,1.86473
46,9,7.44,1.86473
47,9,7.44,1.86473
48,9,7.44,1.86473
49,9,7.44,1.86473
0,10,2.4,0
1,10,2.41,0.15551
2,10,0.91,0.784134
3,10,0.68,1.01176
4,10,0.68,1.01176
5,10,7.78,1.61181
6,10,7.78,1.61181
7,10,7.78,1.61181
8,10,7.78,1.61181
9,10,7.78,1.61181
10,10,7.78,1.61181
11,10,7.78,1.61181
12,10,7.78,1.61181
13,10,7.78,1.61181
14,10,7.78,1.61181
15,10,7.78,1.61181
16,10,7.78,1.61181
17,10,7.78,1.61181
18,10,7.78,1.61181
19,10,7.78,1.61181
20,10,7.78,1.61181
21,10,7.78,1.61181
22,10,7.78,1.61181
23,10,7.78,1.61181
24,10,7.78,1.61181
25,10,7.78,1.61181
26,10,7.78,1.61181
27,10,7.78,1.61181
28,10,7.78,1.61181
29,10,7.78,1.61181
30,10,7.78,1.61181
31,10,7.78,1.61181
32,10,7.77,1.62459
33,10,7.77,1.62459
34,10,7.77,1.62459
35,10,7.77,1.62459
36,10,7.77,1.62459
37,10,7.77,1.62459
38,10,7.77,1.62459
39,10,7.77,1.62459
40,10,7.77,1.62459
41,10,7.76,1.63709
42,10,7.76,1.63709
43,10,7.76,1.63709
44,10,7.76,1.63709
45,10,7.76,1.63709
46,10,7.76,1.63709
47,10,7.59,1.80188
48,10,7.59,1.80188
49,10,7.59,1.80188
0,11,0.91,0
1,11,0.91,0.784134
2,11,0.91,0.784134
3,11,0.91,0.784134
4,11,7.78,1.61181
5,11,7.78,1.61181
6,11,7.78,1.61181
7,11,7.78,1.61181
8,11,7.78,1.61181
9,11,7.78,1.61181
10,11,7.78,1.61181
11,11,7.78,1.61181
12,11,7.78,1.61181
13,11,7.78,1.61181
14,11,7.78,1.61181
15,11,7.78,1.61181
16,11,7.78,1.61181
17,11,7.78,1.61181
18,11,7.78,1.61181
19,11,7.78,1.61181
20,11,7.78,1.61181
21,11,7.78,1.61181
22,11,7.78,1.61181
23,11,7.78,1.61181
24,11,7.78,1.61181
25,11,7.78,1.61181
26,11,7.78,1.61181
27,11,7.78,1.61181
28,11,7.78,1.61181
29,11,7.78,1.61181
30,11,7.78,1.61181
31,11,7.78,1.61181
32,11,7.78,1.61181
33,11,7.78,1.61181
34,11,7.78,1.61181
35,11,7.78,1.61181
36,11,7.78,1.61181
37,11,7.78,1.61181
38,11,7.78,1.61181
39,11,7.42,1.86683
40,11,7.42,1.86683
41,11,7.42,1.86683
42,11,7.42,1.86683
43,11,7.41,1.86732
44,11,7.41,1.86732
45,11,7.41,1.86732
46,11,7.41,1.86732
47,11,7.41,1.86732
48,11,7.41,1.86732
49,11,7.41,1.86732
0,12,7.73,0
1,12,7.78,1.61181
2,12,7.78,1.61181
3,12,7.78,1.61181
4,12,7.78,1.61181
5,12,7.78,1.61181
6,12,7.78,1.61181
7,12,7.78,1.61181
8,12,7.78,1.61181
9,12,7.78,1.61181
10,12,7.78,1.61181
11,12,7.78,1.61181
12,12,7.78,1.61181
13,12,7.78,1.61181
14,12,7.78,1.61181
15,12,7.78,1.61181
16,12,7.78,1.61181
17,12,7.78,1.61181
18,12,7.78,1.61181
19,12,7.78,1.61181
20,12,7.78,1.61181
21,12,7.78,1.61181
22,12,7.78,1.61181
23,12,7.78,1.61181
24,12,7.78,1.61181
25,12,7.78,1.61181
26,12,7.78,1.61181
27,12,7.78,1.61181
28,12,7.78,1.61181
29,12,7.78,1.61181
30,12,7.78,1.61181
31,12,7.78,1.61181
32,12,7.78,1.61181
33,12,7.78,1.61181
34,12,7.78,1.61181
35,12,7.78,1.61181
36,12,7.78,1.61181
37,12,7.41,1.86732
38,12,7.41,1.86732
39,12,7.41,1.86732
40,12,7.41,1.86732
41,12,7.41,1.86732
42,12,7.41,1.86732
43,12,7.41,1.86732
44,12,7.41,1.86732
45,12,7.41,1.86732
46,12,7.41,1.86732
47,12,7.41,1.86732
48,12,7.41,1.86732
49,12,7.41,1.86732
0,13,9.97,0
1,13,7.78,1.61181
2,13,7.78,1.61181
3,13,7.78,1.61181
4,13,7.78,1.61181
5,13,7.78,1.61181
6,13,7.78,1.61181
7,13,7.78,1.61181
8,13,7.78,1.61181
9,13,7.78,1.61181
10,13,7.78,1.61181
11,13,7.78,1.61181
12,13,7.78,1.61181
13,13,7.78,1.61181
14,13,7.78,1.61181
15,13,7.41,1.86732
16,13,7.41,1.86732
17,13,7.41,1.86732
18,13,7.41,1.86732
19,13,7.41,1.86732
20,13,7.41,1.86732
21,13,7.41,1.86732
22,13,7.41,1.86732
23,13,7.41,1.86732
24,13,7.41,1.86732
25,13,7.41,1.86732
26,13,7.41,1.86732
27,13,7.41,1.86732
28,13,7.41,1.86732
29,13,7.41,1.86732
30,13,7.41,1.86732
31,13,7.41,1.86732
32,13,7.41,1.86732
33,13,7.41,1.86732
34,13,7.41,1.86732
35,13,7.41,1.86732
36,13,7.41,1.86732
37,13,7.41,1.86732
38,13,7.41,1.86732
39,13,7.41,1.86732
40,13,7.41,1.86732
41,13,7.41,1.86732
42,13,7.41,1.86732
43,13,7.41,1.86732
44,13,7.41,1.86732
45,13,7.41,1.86732
46,13,7.41,1.86732
47,13,7.41,1.86732
48,13,7.41,1.86732
49,13,7.41,1.86732
0,14,9.37,0
1,14,9.37,-0.812396
2,14,9.36,-0.81091
3,14,9.36,-0.81091
4,14,9.36,-0.81091
5,14,0.87,0.828198
6,14,7.78,1.61181
7,14,7.78,1.61181
8,14,7.78,1.61181
9,14,7.78,1.61181
10,14,7.78,1.61181
11,14,7.78,1.61181
12,14,7.41,1.86732
13,14,7.41,1.86732
14,14,7.41,1.86732
15,14,7.41,1.86732
16,14,7.41,1.86732
17,14,7.41,1.86732
18,14,7.41,1.86732
19,14,7.41,1.86732
20,14,7.41,1.86732
21,14,7.41,1.86732
22,14,7.41,1.86732
23,14,7.41,1.86732
24,14,7.41,1.86732
25,14,7.41,1.86732
26,14,7.41,1.86732
27,14,7.41,1.86732
28,14,7.41,1.86732
29,14,7.41,1.86732
30,14,7.41,1.86732
31,14,7.41,1.86732
32,14,7.41,1.86732
33,14,7.41,1.86732
34,14,7.41,1.86732
35,14,7.41,1.86732
36,14,7.41,1.86732
37,14,7.41,1.86732
38,14,7.41,1.86732
39,14,7.41,1.86732
40,14,7.41,1.86732
41,14,7.41,1.86732
42,14,7.41,1.86732
43,14,7.41,1.86732
44,14,7.41,1.86732
45,14,7.41,1.86732
46,14,7.41,1.86732
47,14,7.41,1.86732
48,14,7.41,1.86732
49,14,7.41,1.86732
0,15,4.08,0
1,15,1.7,0.0110274
2,15,1.7,0.0110274
3,15,7.78,1.61181
4,15,7.78,1.61181
5,15,7.78,1.61181
6,15,7.78,1.61181
7,15,7.78,1.61181
8,15,7.78,1.61181
9,15,7.78,1.61181
10,15,7.78,1.61181
11,15,7.78,1.61181
12,15,7.78,1.61181
13,15,7.78,1.61181
14,15,7.78,1.61181
15,15,7.78,1.61181
16,15,7.78,1.61181
17,15,7.78,1.61181
18,15,7.78,1.61181
19,15,7.78,1.61181
20,15,7.73,1.6728
21,15,7.73,1.6728
22,15,7.73,1.6728
23,15,7.73,1.6728
24,15,7.73,1.6728
25,15,7.73,1.6728
26,15,7.73,1.6728
27,15,7.73,1.6728
28,15,7.73,1.6728
29,15,7.73,1.6728
30,15,7.73,1.6728
31,15,7.73,1.6728
32,15,7.73,1.6728
33,15,7.41,1.86732
34,15,7.41,1.86732
35,15,7.41,1.86732
36,15,7.41,1.86732
37,15,7.41,1.86732
38,15,7.41,1.86732
39,15,7.41,1.86732
40,15,7.41,1.86732
41,15,7.41,1.86732
42,15,7.41,1.86732
43,15,7.41,1.86732
44,15,7.41,1.86732
45,15,7.41,1.86732
46,15,7.41,1.86732
47,15,7.41,1.86732
48,15,7.41,1.86732
49,15,7.41,1.86732
0,16,1.7,0
1,16,1.7,0.0110274
2,16,3.5,0.624894
3,16,3.5,0.624894
4,16,3.5,0.624894
5,16,3.5,0.624894
6,16,3.5,0.624894
7,16,7.78,1.61181
8,16,7.78,1.61181
9,16,7.78,1.61181
10,16,7.78,1.61181
11,16,7.78,1.61181
12,16,7.78,1.61181
13,16,7.78,1.61181
14,16,7.78,1.61181
15,16,7.78,1.61181
16,16,7.78,1.61181
17,16,7.78,1.61181
18,16,7.78,1.61181
19,16,7.41,1.86732
20,16,7.41,1.86732
21,16,7.41,1.86732
22,16,7.41,1.86732
23,16,7.41,1.86732
24,16,7.41,1.86732
25,16,7.41,1.86732
26,16,7.41,1.86732
27,16,7.41,1.86732
28,16,7.41,1.86732
29,16,7.41,1.86732
30,16,7.41,1.86732
31,16,7.41,1.86732
32,16,7.41,1.86732
33,16,7.41,1.86732
34,16,7.41,1.86732
35,16,7.41,1.86732
36,16,7.41,1.86732
37,16,7.41,1.86732
38,16,7.41,1.86732
39,16,7.41,1.86732
40,16,7.41,1.86732
41,16,7.41,1.86732
42,16,7.41,1.86732
43,16,7.41,1.86732
44,16,7.41,1.86732
45,16,7.41,1.86732
46,16,7.41,1.86732
47,16,7.41,1.86732
48,16,7.41,1.86732
49,16,7.41,1.86732
0,17,3.5,0
1,17,3.5,0.624894
2,17,3.5,0.624894
3,17,3.5,0.624894
4,17,3.5,0.624894
5,17,7.62,1.77968
6,17,7.62,1.77968
7,17,7.41,1.86732
8,17,7.41,1.86732
9,17,7.41,1.86732
10,17,7.41,1.86732
11,17,7.41,1.86732
12,17,7.41,1.86732
13,17,7.41,1.86732
14,17,7.41,1.86732
15,17,7.41,1.86732
16,17,7.41,1.86732
17,17,7.41,1.86732
18,17,7.41,1.86732
19,17,7.41,1.86732
20,17,7.41,1.86732
21,17,7.41,1.86732
22,17,7.41,1.86732
23,17,7.41,1.86732
24,17,7.41,1.86732
25,17,7.41,1.86732
26,17,7.41,1.86732
27,17,7.41,1.86732
28,17,7.41,1.86732
29,17,7.41,1.86732
30,17,7.41,1.86732
31,17,7.41,1.86732
32,17,7.41,1.86732
33,17,7.41,1.86732
34,17,7.41,1.86732
35,17,7.41,1.86732
36,17,7.41,1.86732
37,17,7.41,1.86732
38,17,7.41,1.86732
39,17,7.41,1.86732
40,17,7.41,1.86732
41,17,7.41,1.86732
42,17,7.41,1.86732
43,17,7.41,1.86732
44,17,7.41,1.86732
45,17,7.41,1.86732
46,17,7.41,1.86732
47,17,7.41,1.86732
48,17,7.41,1.86732
49,17,7.41,1.86732
0,18,8.11,0
1,18,7.62,1.77968
2,18,7.62,1.77968
3,18,7.62,1.77968
4,18,7.62,1.77968
5,18,7.62,1.77968
6,18,7.62,1.77968
7,18,7.62,1.77968
8,18,7.62,1.77968
9,18,7.41,1.86732
10,18,7.41,1.86732
11,18,7.41,1.86732
12,18,7.41,1.86732
13,18,7.41,1.86732
14,18,7.41,1.86732
15,18,7.41,1.86732
16,18,7.41,1.86732
17,18,7.41,1.86732
18,18,7.41,1.86732
19,18,7.41,1.86732
20,18,7.41,1.86732
21,18,7.41,1.86732
22,18,7.41,1.86732
23,18,7.41,1.86732
24,18,7.41,1.86732
25,18,7.41,1.86732
26,18,7.41,1.86732
27,18,7.41,1.86732
28,18,7.41,1.86732
29,18,7.41,1.86732
30,18,7.41,1.86732
31,18,7.41,1.86732
32,18,7.41,1.86732
33,18,7.41,1.86732
34,18,7.41,1.86732
35,18,7.41,1.86732
36,18,7.41,1.86732
37,18,7.41,1.86732
38,18,7.41,1.86732
39,18,7.41,1.86732
40,18,7.41,1.86732
41,18,7.41,1.86732
42,18,7.41,1.86732
43,18,7.41,1.86732
44,18,7.41,1.86732
45,18,7.41,1.86732
46,18,7.41,1.86732
47,18,7.41,1.86732
48,18,7.41,1.86732
49,18,7.41,1.86732
0,19,9.12,0
1,19,6.45,0.341286
2,19,6.45,0.341286
3,19,6.45,0.341286
4,19,6.45,0.341286
5,19,6.45,0.341286
6,19,7.62,1.77968
7,19,7.62,1.77968
8,19,7.62,1.77968
9,19,7.62,1.77968
10,19,7.41,1.86732
11,19,7.41,1.86732
12,19,7.41,1.86732
13,19,7.41,1.86732
14,19,7.41,1.86732
15,19,7.41,1.86732
16,19,7.41,1.86732
17,19,7.41,1.86732
18,19,7.41,1.86732
19,19,7.41,1.86732
20,19,7.41,1.86732
21,19,7.41,1.86732
22,19,7.41,1.86732
23,19,7.41,1.86732
24,19,7.41,1.86732
25,19,7.41,1.86732
26,19,7.41,1.86732
27,19,7.41,1.86732
28,19,7.41,1.86732
29,19,7.41,1.86732
30,19,7.41,1.86732
31,19,7.41,1.86732
32,19,7.4,1.86742
33,19,7.4,1.86742
34,19,7.4,1.86742
35,19,7.4,1.86742
36,19,7.4,1.86742
37,19,7.4,1.86742
38,19,7.4,1.86742
39,19,7.4,1.86742
40,19,7.4,1.86742
41,19,7.4,1.86742
42,19,7.4,1.86742
43,19,7.4,1.86742
44,19,7.4,1.86742
45,19,7.4,1.86742
46,19,7.4,1.86742
47,19,7.4,1.86742
48,19,7.4,1.86742
49,19,7.4,1.86742