ger,pior,Medio,melhor,dev.padr,ilha
0,-1.89558,0.132129,1.30531,0.767098,ilha_0
0,-1.26357,0.246912,1.70053,0.47963,ilha_1
0,-0.352164,1.08346,1.72316,0.414155,ilha_2
0,-0.774149,0.796566,1.83859,0.687573,ilha_3
0,-0.803069,0.572724,1.84668,0.791458,ilha_4
0,-0.557992,0.673508,1.79738,0.317499,ilha_5
1,-1.00955,0.603335,1.30531,0.427056,ilha_0
1,-1.21008,0.407234,1.70053,0.498379,ilha_1
1,0.800286,1.53792,1.84306,0.100351,ilha_2
1,-0.772776,1.24852,1.83859,0.456748,ilha_3
1,-0.176766,1.3295,1.86293,0.494308,ilha_4
1,0.0666972,1.16406,1.79738,0.212387,ilha_5
2,-0.228442,0.83175,1.30531,0.275698,ilha_0
2,0.156048,0.967372,1.70053,0.47157,ilha_1
2,-0.847206,1.57815,1.84306,0.313809,ilha_2
2,0.191,1.50968,1.83859,0.12189,ilha_3
2,0.170399,1.64478,1.86729,0.176807,ilha_4
2,0.944316,1.46083,1.79738,0.122164,ilha_5
3,0.113649,1.13449,1.74018,0.177038,ilha_0
3,-1.51091,1.09813,1.84731,1.15481,ilha_1
3,1.71188,1.76533,1.84306,0.00319793,ilha_2
3,-0.621624,1.58276,1.83859,0.288142,ilha_3
3,1.24826,1.82648,1.86729,0.017662,ilha_4
3,1.21625,1.65523,1.79738,0.0599633,ilha_5
4,0.200762,1.33734,1.82444,0.103131,ilha_0
4,-1.56856,1.3354,1.84731,0.788631,ilha_1
4,-1.6125,1.60808,1.84306,0.549686,ilha_2
4,-1.7104,1.64315,1.83859,0.598001,ilha_3
4,1.39327,1.82673,1.86729,0.0123486,ilha_4
4,1.2349,1.71267,1.79746,0.0400028,ilha_5
5,1.27507,1.42698,1.82444,0.0372392,ilha_0
5,1.44064,1.69324,1.84731,0.0146872,ilha_1
5,1.72316,1.80546,1.84306,0.00272526,ilha_2
5,-1.71116,1.55652,1.83864,0.768989,ilha_3
5,1.82725,1.86227,1.86729,6.92449e-05,ilha_4
5,1.78542,1.79797,1.82097,3.46346e-05,ilha_5
6,1.30531,1.41777,1.82444,0.0343772,ilha_0
6,-1.72664,1.56957,1.84731,0.581177,ilha_1
6,1.72316,1.82018,1.84306,0.00178703,ilha_2
6,1.83859,1.83862,1.83901,8.4397e-09,ilha_3
6,-0.123365,1.76537,1.86729,0.187757,ilha_4
6,1.78542,1.79927,1.82097,5.95743e-05,ilha_5
7,1.30531,1.586,1.82444,0.0467145,ilha_0
7,1.70053,1.81217,1.84813,0.00373008,ilha_1
7,-1.71464,1.48683,1.8431,1.13845,ilha_2
7,-0.250448,1.73423,1.84007,0.207313,ilha_3
7,1.85065,1.86537,1.86742,1.49002e-05,ilha_4
7,1.78542,1.81002,1.84648,0.000219708,ilha_5
8,1.37309,1.7808,1.82444,0.010057,ilha_0
8,-1.72664,1.66119,1.84813,0.604897,ilha_1
8,-0.235411,1.73762,1.85502,0.204971,ilha_2
8,-1.71116,1.66133,1.84007,0.598616,ilha_3
8,-1.41178,1.44522,1.86742,1.07113,ilha_4
8,-1.68111,1.50686,1.84652,0.911089,ilha_5
9,1.74018,1.82022,1.82444,0.00033722,ilha_0
9,1.39537,1.80233,1.84824,0.0184017,ilha_1
9,-1.16687,1.59112,1.85502,0.605542,ilha_2
9,1.72232,1.83325,1.84007,0.000648011,ilha_3
9,1.55321,1.85108,1.86742,0.00467226,ilha_4
9,-1.69529,1.47816,1.84652,1.11415,ilha_5
10,1.82393,1.82441,1.82444,1.2181e-08,ilha_0
10,-1.72824,1.50151,1.84824,1.08067,ilha_1
10,1.84306,1.84862,1.85502,3.39415e-05,ilha_2
10,-1.71116,1.53316,1.84007,0.766269,ilha_3
10,0.841882,1.8158,1.86742,0.0499235,ilha_4
10,1.39304,1.81748,1.84652,0.00959968,ilha_5
11,0.264924,1.74601,1.82444,0.115457,ilha_0
11,1.84731,1.84793,1.84843,1.7037e-07,ilha_1
11,1.84306,1.85224,1.85518,2.18234e-05,ilha_2
11,-1.14586,1.66604,1.84007,0.426891,ilha_3
11,-1.78655,1.58902,1.86742,0.769933,ilha_4
11,-1.18452,1.68789,1.84707,0.434428,ilha_5
12,1.30531,1.79443,1.84227,0.0129991,ilha_0
12,1.84039,1.8489,1.85502,9.54827e-06,ilha_1
12,-1.72424,1.67432,1.85518,0.607915,ilha_2
12,-1.74866,1.379,1.84652,1.27941,ilha_3
12,-0.0291804,1.77037,1.86742,0.170487,ilha_4
12,-1.18431,1.57614,1.86742,0.62175,ilha_5
13,-1.8003,1.61995,1.84227,0.628643,ilha_0
13,1.82748,1.84905,1.85502,3.52356e-05,ilha_1
13,1.84824,1.85459,1.8559,2.71366e-06,ilha_2
13,1.83864,1.84252,1.84851,1.15167e-05,ilha_3
13,-1.40063,1.69949,1.86742,0.506092,ilha_4
13,1.84214,1.85172,1.86742,8.41252e-05,ilha_5
14,-1.80024,1.50227,1.84265,0.986207,ilha_0
14,-1.75485,1.65339,1.85683,0.614168,ilha_1
14,1.85287,1.85499,1.8559,2.74027e-07,ilha_2
14,-1.15252,1.59321,1.85701,0.599373,ilha_3
14,1.55718,1.84721,1.86742,0.00468998,ilha_4
14,-1.72502,1.67645,1.86742,0.609084,ilha_5
15,-1.65419,1.66022,1.84338,0.578247,ilha_0
15,1.44115,1.8334,1.85683,0.0081065,ilha_1
15,-1.74293,1.65792,1.8672,0.611729,ilha_2
15,-1.72733,1.51946,1.85701,0.981375,ilha_3
15,1.86397,1.86724,1.86742,5.63057e-07,ilha_4
15,1.55718,1.85023,1.86742,0.00454494,ilha_5
16,1.82285,1.84062,1.84338,3.18628e-05,ilha_0
16,1.84847,1.85509,1.85683,5.57662e-06,ilha_1
16,1.85502,1.85705,1.8672,1.36365e-05,ilha_2
16,-1.19531,1.59423,1.85701,0.611031,ilha_3
16,1.86397,1.86724,1.86742,5.63336e-07,ilha_4
16,1.55718,1.83584,1.86742,0.00846799,ilha_5
17,1.84227,1.8429,1.84844,1.71414e-06,ilha_0
17,1.42052,1.83456,1.85683,0.00902297,ilha_1
17,1.85502,1.85889,1.8672,2.50484e-05,ilha_2
17,1.84438,1.85293,1.85701,2.00186e-05,ilha_3
17,-1.63876,1.67657,1.86742,0.583053,ilha_4
17,-1.40063,1.55071,1.86742,0.681946,ilha_5
18,1.84227,1.84426,1.84856,6.00838e-06,ilha_0
18,-0.169511,1.73333,1.85683,0.199569,ilha_1
18,1.85518,1.86074,1.8672,2.96491e-05,ilha_2
18,1.84851,1.85565,1.85709,6.13978e-06,ilha_3
18,-1.40044,1.68851,1.86742,0.506749,ilha_4
18,1.79375,1.86289,1.86742,0.000264991,ilha_5
19,1.84227,1.8451,1.84856,7.21322e-06,ilha_0
19,-1.23488,1.69251,1.85686,0.452723,ilha_1
19,-0.0547908,1.75114,1.8672,0.175502,ilha_2
19,1.85233,1.85637,1.85765,2.26553e-06,ilha_3
19,1.55704,1.84804,1.86742,0.0047132,ilha_4
19,-0.0180637,1.7723,1.86742,0.168719,ilha_5
20,-1.71815,1.49733,1.84856,1.09845,ilha_0
20,-1.2475,1.57957,1.85879,0.618916,ilha_1
20,1.85863,1.86656,1.8672,3.53561e-06,ilha_2
20,1.66651,1.84783,1.86685,0.00173611,ilha_3
20,1.56297,1.85219,1.86742,0.00440254,ilha_4
20,-0.0291804,1.74971,1.86742,0.171357,ilha_5
21,-0.235374,1.74427,1.85226,0.206264,ilha_0
21,-1.24771,1.70221,1.86635,0.458005,ilha_1
21,-0.351742,1.73964,1.8672,0.235343,ilha_2
21,1.83994,1.85729,1.86685,2.4258e-05,ilha_3
21,1.86742,1.86742,1.86742,4.3473e-13,ilha_4
21,-1.78636,1.66583,1.86743,0.631755,ilha_5
22,0.16036,1.76452,1.85226,0.135443,ilha_0
22,1.85683,1.8589,1.86685,1.50153e-05,ilha_1
22,1.86694,1.86721,1.86742,8.10839e-09,ilha_2
22,1.85709,1.86027,1.86742,2.02766e-05,ilha_3
22,1.86689,1.86739,1.86742,1.29665e-08,ilha_4
22,1.5576,1.85192,1.86743,0.00455894,ilha_5
23,-1.73664,1.67014,1.85226,0.610857,ilha_0
23,-1.7754,1.68027,1.86685,0.628527,ilha_1
23,-1.37441,1.70517,1.86742,0.499146,ilha_2
23,1.56356,1.8463,1.86742,0.00425472,ilha_3
23,1.86689,1.86739,1.86742,1.32992e-08,ilha_4
23,1.5576,1.85193,1.86743,0.00455944,ilha_5
24,1.68507,1.8429,1.86708,0.00133053,ilha_0
24,-0.0666552,1.75461,1.86685,0.178112,ilha_1
24,1.58292,1.85296,1.86742,0.00383813,ilha_2
24,-0.0301202,1.74829,1.86742,0.174893,ilha_3
24,1.7939,1.86374,1.86742,0.000256723,ilha_4
24,-1.78636,1.68474,1.86743,0.634132,ilha_5
25,-1.21717,1.70014,1.86708,0.447963,ilha_0
25,1.80821,1.86351,1.86685,0.000164059,ilha_1
25,1.8672,1.86729,1.86742,1.13961e-08,ilha_2
25,1.44259,1.84432,1.86742,0.00851364,ilha_3
25,1.5569,1.85155,1.86742,0.00457046,ilha_4
25,-0.0291804,1.7726,1.86743,0.170863,ilha_5
26,-1.21717,1.7028,1.86742,0.448799,ilha_0
26,1.86648,1.86683,1.86686,6.58475e-09,ilha_1
26,-1.78111,1.68488,1.86742,0.632269,ilha_2
26,-1.78636,1.49061,1.86742,1.06867,ilha_3
26,-0.0297443,1.77239,1.86742,0.170932,ilha_4
26,1.86447,1.86728,1.86743,4.14537e-07,ilha_5
27,1.54637,1.84956,1.86742,0.00485754,ilha_0
27,-0.605984,1.72889,1.86694,0.290491,ilha_1
27,1.85069,1.86637,1.86743,1.34753e-05,ilha_2
27,-1.39968,1.7039,1.86742,0.506958,ilha_3
27,1.86742,1.86742,1.86742,2.16992e-13,ilha_4
27,1.86727,1.86742,1.86743,1.16787e-09,ilha_5
28,1.54999,1.85053,1.86742,0.00476446,ilha_0
28,-0.0640654,1.76972,1.86694,0.176993,ilha_1
28,-1.39987,1.67377,1.86743,0.505424,ilha_2
28,1.86742,1.86742,1.86743,4.29109e-12,ilha_3
28,1.85076,1.86659,1.86742,1.3181e-05,ilha_4
28,-1.93729,1.51409,1.86743,1.13097,ilha_5
29,-0.0152292,1.75843,1.86742,0.169695,ilha_0
29,-1.36182,1.68835,1.86694,0.495086,ilha_1
29,-1.78621,1.52138,1.86743,1.08146,ilha_2
29,1.56401,1.85225,1.86743,0.00437286,ilha_3
29,1.86742,1.86742,1.86742,1.41442e-12,ilha_4
29,-0.0351881,1.77229,1.86743,0.171947,ilha_5
30,-1.39111,1.70439,1.86742,0.50432,ilha_0
30,1.52828,1.84992,1.86704,0.00544503,ilha_1
30,1.56772,1.85227,1.86743,0.00426198,ilha_2
30,1.79435,1.86216,1.86743,0.000265362,ilha_3
30,-1.39987,1.70043,1.86742,0.506135,ilha_4
30,1.55268,1.80663,1.86743,0.0147933,ilha_5
31,-1.78464,1.49256,1.86743,1.06397,ilha_0
31,1.5901,1.85304,1.86704,0.00363882,ilha_1
31,1.56772,1.85244,1.86743,0.00426672,ilha_2
31,1.8641,1.86725,1.86743,5.23732e-07,ilha_3
31,-0.040432,1.77203,1.86742,0.172896,ilha_4
31,-0.0351881,1.7723,1.86743,0.171948,ilha_5
32,1.57008,1.83765,1.86743,0.00788843,ilha_0
32,1.53046,1.8362,1.86743,0.00861553,ilha_1
32,-1.7853,1.66903,1.86743,0.63272,ilha_2
32,1.79613,1.86308,1.86743,0.000247583,ilha_3
32,1.86488,1.86729,1.86742,3.06429e-07,ilha_4
32,-1.39454,1.70418,1.86743,0.505374,ilha_5
33,-0.0385605,1.77199,1.86743,0.172532,ilha_0
33,-0.0353755,1.77157,1.86743,0.171851,ilha_1
33,-0.0346255,1.77231,1.86743,0.171843,ilha_2
33,1.85171,1.86664,1.86743,1.17333e-05,ilha_3
33,-1.39968,1.67292,1.86742,0.505569,ilha_4
33,1.55268,1.85169,1.86743,0.00470587,ilha_5
34,1.86742,1.86743,1.86743,1.24147e-11,ilha_0
34,1.86694,1.86739,1.86743,1.74008e-08,ilha_1
34,1.86707,1.86741,1.86743,6.00611e-09,ilha_2
34,1.86738,1.86743,1.86743,1.46012e-10,ilha_3
34,1.55592,1.85185,1.86743,0.00460925,ilha_4
34,1.86718,1.86742,1.86743,3.01301e-09,ilha_5
35,-1.39702,1.54098,1.86743,0.959094,ilha_0
35,1.55253,1.85163,1.86743,0.0047083,ilha_1
35,-1.7853,1.68479,1.86743,0.633766,ilha_2
35,1.86717,1.86742,1.86743,3.32863e-09,ilha_3
35,1.86718,1.86741,1.86743,2.78185e-09,ilha_4
35,1.86443,1.86713,1.86743,8.11149e-07,ilha_5
36,-1.39702,1.60909,1.86743,0.646984,ilha_0
36,1.86737,1.86743,1.86743,1.59042e-10,ilha_1
36,-1.39511,1.70351,1.86743,0.505354,ilha_2
36,-0.0351881,1.7723,1.86743,0.171948,ilha_3
36,-1.78625,1.47916,1.86743,0.882598,ilha_4
36,-1.78545,1.52166,1.86743,1.07983,ilha_5
37,-1.78545,1.66827,1.86743,0.632465,ilha_0
37,1.55324,1.85172,1.86743,0.00468889,ilha_1
37,1.86705,1.86741,1.86743,6.75934e-09,ilha_2
37,-1.39473,1.70417,1.86743,0.505433,ilha_3
37,-1.78621,1.36406,1.86743,1.14669,ilha_4
37,-1.39511,1.53215,1.86743,0.953629,ilha_5
38,1.86443,1.86727,1.86743,4.27205e-07,ilha_0
38,-0.0351881,1.77228,1.86743,0.171945,ilha_1
38,1.56713,1.85241,1.86743,0.0042836,ilha_2
38,1.86444,1.86728,1.86743,4.23745e-07,ilha_3
38,-0.0344379,1.71809,1.86743,0.178825,ilha_4
38,1.86742,1.86743,1.86743,2.28009e-12,ilha_5
39,-1.78545,1.40476,1.86743,1.30129,ilha_0
39,1.79584,1.86383,1.86743,0.000243346,ilha_1
39,1.5531,1.84814,1.86743,0.00482376,ilha_2
39,1.55296,1.85171,1.86743,0.00469742,ilha_3
39,-0.35092,1.72542,1.86743,0.235537,ilha_4
39,1.85164,1.86664,1.86743,1.18378e-05,ilha_5
40,-1.78545,1.66891,1.86743,0.632708,ilha_0
40,-1.78549,1.66974,1.86743,0.632627,ilha_1
40,-1.78545,1.68479,1.86743,0.63382,ilha_2
40,1.86738,1.86743,1.86743,1.27158e-10,ilha_3
40,1.86441,1.86728,1.86743,4.32272e-07,ilha_4
40,1.86743,1.86743,1.86743,4.45225e-13,ilha_5
41,-0.0346255,1.72634,1.86743,0.174525,ilha_0
41,1.79576,1.86385,1.86743,0.000243971,ilha_1
41,1.56713,1.83307,1.86743,0.00809072,ilha_2
41,1.86742,1.86743,1.86743,5.18826e-12,ilha_3
41,1.86743,1.86743,1.86743,1.97215e-31,ilha_4
41,-1.78545,1.66534,1.86743,0.631536,ilha_5
42,-0.034813,1.77153,1.86743,0.171741,ilha_0
42,1.85157,1.86664,1.86743,1.19423e-05,ilha_1
42,1.86743,1.86743,1.86743,7.49336e-15,ilha_2
42,-1.39492,1.7043,1.86743,0.505536,ilha_3
42,1.79576,1.86025,1.86743,0.000461514,ilha_4
42,-1.39511,1.54128,1.86743,0.957362,ilha_5
43,-1.78549,1.684,1.86743,0.633557,ilha_0
43,1.86743,1.86743,1.86743,1.31649e-17,ilha_1
43,1.86743,1.86743,1.86743,6.25643e-16,ilha_2
43,1.85168,1.86664,1.86743,1.17856e-05,ilha_3
43,1.56698,1.83381,1.86743,0.00815281,ilha_4
43,1.86742,1.86743,1.86743,2.27647e-12,ilha_5
44,1.86443,1.86728,1.86743,4.28118e-07,ilha_0
44,-1.39549,1.70408,1.86743,0.505652,ilha_1
44,1.55324,1.8517,1.86743,0.00468822,ilha_2
44,-1.39549,1.70428,1.86743,0.505717,ilha_3
44,1.86743,1.86743,1.86743,1.97215e-31,ilha_4
44,-1.78545,1.50214,1.86743,1.20092,ilha_5
45,1.86743,1.86743,1.86743,1.1934e-16,ilha_0
45,-0.0342504,1.75335,1.86743,0.175021,ilha_1
45,1.86742,1.86743,1.86743,1.8604e-12,ilha_2
45,1.86743,1.86743,1.86743,5.14423e-15,ilha_3
45,1.56698,1.85241,1.86743,0.0042879,ilha_4
45,-1.78545,1.58968,1.86743,0.770925,ilha_5
46,1.55324,1.83312,1.86743,0.00852835,ilha_0
46,1.85157,1.86639,1.86743,1.27203e-05,ilha_1
46,-1.39549,1.70428,1.86743,0.505717,ilha_2
46,-1.39549,1.52183,1.86743,0.95043,ilha_3
46,1.86743,1.86743,1.86743,6.94812e-18,ilha_4
46,-1.78625,1.52165,1.86743,1.07993,ilha_5
47,1.55324,1.85171,1.86743,0.00468853,ilha_0
47,1.85157,1.86585,1.86743,2.24796e-05,ilha_1
47,-1.36803,1.70565,1.86743,0.497235,ilha_2
47,1.86743,1.86743,1.86743,1.21117e-15,ilha_3
47,1.86705,1.86741,1.86743,6.96095e-09,ilha_4
47,-1.78545,1.50214,1.86743,1.20092,ilha_5
48,-0.0344379,1.77233,1.86743,0.171812,ilha_0
48,1.56683,1.8524,1.86743,0.00429204,ilha_1
48,1.84769,1.86644,1.86743,1.85188e-05,ilha_2
48,-0.0342504,1.75649,1.86743,0.173444,ilha_3
48,1.79584,1.86306,1.86743,0.000249695,ilha_4
48,1.86743,1.86743,1.86743,6.80703e-15,ilha_5
49,1.79435,1.86297,1.86743,0.000259623,ilha_0
49,1.86743,1.86743,1.86743,1.49499e-12,ilha_1
49,1.55296,1.84811,1.86743,0.00482823,ilha_2
49,-1.39549,1.685,1.86743,0.504241,ilha_3
49,-1.78549,1.68478,1.86743,0.633831,ilha_4
49,-0.0346255,1.75652,1.86743,0.173112,ilha_5
50,-0.01277,1.76905,1.86743,0.167347,ilha_0
50,1.86743,1.86743,1.86743,4.43734e-31,ilha_1
50,1.86717,1.86742,1.86743,3.11761e-09,ilha_2
50,-1.39549,1.66997,1.86743,0.503049,ilha_3
50,-1.39549,1.69912,1.86743,0.504286,ilha_4
50,-0.0346255,1.75661,1.86743,0.17355,ilha_5
51,1.86743,1.86743,1.86743,6.94812e-18,ilha_0
51,1.86743,1.86743,1.86743,8.27919e-13,ilha_1
51,-1.78617,1.68117,1.86743,0.633004,ilha_2
51,1.56683,1.85239,1.86743,0.00429177,ilha_3
51,1.85157,1.86584,1.86743,2.26264e-05,ilha_4
51,1.5531,1.85171,1.86743,0.0046932,ilha_5
52,1.56698,1.85241,1.86743,0.0042879,ilha_0
52,1.55338,1.81729,1.86743,0.0117229,ilha_1
52,1.55338,1.85173,1.86743,0.00468479,ilha_2
52,-1.78553,1.52164,1.86743,1.07997,ilha_3
52,1.86743,1.86743,1.86743,1.49602e-12,ilha_4
52,-0.0368749,1.75718,1.86743,0.173674,ilha_5
53,-1.78549,1.65404,1.86743,0.631106,ilha_0
53,-1.78553,1.68463,1.86743,0.633791,ilha_1
53,-0.0342504,1.77234,1.86743,0.171778,ilha_2
53,-1.39549,1.68858,1.86743,0.505279,ilha_3
53,-1.78553,1.68478,1.86743,0.633845,ilha_4
53,-1.39511,1.5934,1.86743,0.643356,ilha_5
54,-1.3953,1.70069,1.86743,0.504726,ilha_0
54,1.86743,1.86743,1.86743,3.19476e-17,ilha_1
54,-0.0342504,1.77235,1.86743,0.171779,ilha_2
54,1.56905,1.85247,1.86743,0.00422784,ilha_3
54,1.86743,1.86743,1.86743,8.27163e-13,ilha_4
54,1.79591,1.86383,1.86743,0.000242815,ilha_5
55,1.86738,1.86743,1.86743,1.08783e-10,ilha_0
55,1.86743,1.86743,1.86743,1.49393e-12,ilha_1
55,1.79576,1.86384,1.86743,0.000243888,ilha_2
55,-0.0342504,1.77227,1.86743,0.171765,ilha_3
55,-0.0342504,1.75585,1.86743,0.173313,ilha_4
55,-0.0342504,1.77235,1.86743,0.171779,ilha_5
56,-1.78496,1.68479,1.86743,0.633639,ilha_0
56,-1.78553,1.52084,1.86743,1.07943,ilha_1
56,1.8644,1.8671,1.86743,8.17866e-07,ilha_2
56,1.85157,1.86663,1.86743,1.19262e-05,ilha_3
56,-0.0342504,1.76862,1.86743,0.171313,ilha_4
56,-1.78553,1.6539,1.86743,0.63106,ilha_5
57,1.55338,1.85173,1.86743,0.00468479,ilha_0
57,1.85157,1.86585,1.86743,2.26282e-05,ilha_1
57,-1.39549,1.70426,1.86743,0.505709,ilha_2
57,1.86743,1.86743,1.86743,4.43734e-31,ilha_3
57,1.79576,1.86026,1.86743,0.000462259,ilha_4
57,-1.78553,1.50982,1.86743,1.05151,ilha_5
58,1.79576,1.86385,1.86743,0.000243972,ilha_0
58,1.8644,1.86728,1.86743,4.3683e-07,ilha_1
58,1.85098,1.86661,1.86743,1.28612e-05,ilha_2
58,1.55338,1.85173,1.86743,0.00468478,ilha_3
58,1.55338,1.84799,1.86743,0.00481082,ilha_4
58,-1.78553,1.68478,1.86743,0.633846,ilha_5
59,-0.0342504,1.7722,1.86743,0.17175,ilha_0
59,1.56683,1.8524,1.86743,0.00429213,ilha_1
59,-1.39549,1.33526,1.86743,1.14803,ilha_2
59,-1.39549,1.70334,1.86743,0.505421,ilha_3
59,1.55338,1.85169,1.86743,0.00468359,ilha_4
59,1.55338,1.85173,1.86743,0.00468479,ilha_5
60,-1.39549,1.52463,1.86743,0.951171,ilha_0
60,-1.78553,1.66906,1.86743,0.632787,ilha_1
60,1.86743,1.86743,1.86743,1.08652e-15,ilha_2
60,1.55338,1.85077,1.86743,0.00466677,ilha_3
60,1.79576,1.8637,1.86743,0.000243322,ilha_4
60,-1.78553,1.68461,1.86743,0.633784,ilha_5
61,1.79576,1.8637,1.86743,0.000243322,ilha_0
61,1.86704,1.86737,1.86743,1.92184e-08,ilha_1
61,1.56683,1.85239,1.86743,0.00429169,ilha_2
61,-0.0342504,1.75663,1.86743,0.173475,ilha_3
61,1.85157,1.86581,1.86743,2.25186e-05,ilha_4
61,-1.39549,1.54114,1.86743,0.958201,ilha_5
62,-1.78553,1.47875,1.86743,0.943041,ilha_0
62,1.86704,1.86741,1.86743,7.1581e-09,ilha_1
62,-1.39549,1.70428,1.86743,0.505717,ilha_2
62,1.86743,1.86743,1.86743,4.43734e-31,ilha_3
62,1.55338,1.83309,1.86743,0.00852696,ilha_4
62,1.56683,1.8524,1.86743,0.00429213,ilha_5
63,-0.351057,1.73786,1.86743,0.234071,ilha_0
63,-1.39549,1.51411,1.86743,0.769171,ilha_1
63,-0.481406,1.74997,1.86743,0.262055,ilha_2
63,-0.0342504,1.77233,1.86743,0.171775,ilha_3
63,-1.78542,1.68462,1.86743,0.633747,ilha_4
63,1.54988,1.85155,1.86743,0.00478994,ilha_5
64,1.86719,1.86742,1.86743,2.85238e-09,ilha_0
64,-0.0342504,1.74161,1.86743,0.174439,ilha_1
64,1.86743,1.86743,1.86743,4.43734e-31,ilha_2
64,1.56683,1.85159,1.86743,0.00427963,ilha_3
64,1.8644,1.86727,1.86743,4.35954e-07,ilha_4
64,-1.39549,1.70426,1.86743,0.505709,ilha_5
65,-1.78553,1.6812,1.86743,0.632781,ilha_0
65,1.56683,1.85237,1.86743,0.00429119,ilha_1
65,1.86743,1.86743,1.86743,8.27919e-13,ilha_2
65,1.86704,1.86741,1.86743,7.15939e-09,ilha_3
65,-1.39549,1.68925,1.86743,0.505105,ilha_4
65,1.85168,1.86647,1.86743,1.19545e-05,ilha_5
66,-1.78549,1.58612,1.86743,0.769131,ilha_0
66,1.79576,1.86384,1.86743,0.000243887,ilha_1
66,1.85157,1.86664,1.86743,1.19423e-05,ilha_2
66,-1.78553,1.68477,1.86743,0.633841,ilha_3
66,1.86743,1.86743,1.86743,8.27919e-13,ilha_4
66,-0.0342504,1.77122,1.86743,0.171576,ilha_5
67,-0.0342504,1.76876,1.86743,0.171341,ilha_0
67,1.55338,1.84814,1.86743,0.00481622,ilha_1
67,1.86743,1.86743,1.86743,3.19476e-17,ilha_2
67,1.86743,1.86743,1.86743,1.49288e-12,ilha_3
67,-0.0342504,1.77235,1.86743,0.171779,ilha_4
67,1.86743,1.86743,1.86743,2.19999e-12,ilha_5
68,-1.78553,1.68396,1.86743,0.633557,ilha_0
68,1.84739,1.86643,1.86743,1.9081e-05,ilha_1
68,1.86704,1.86741,1.86743,7.1504e-09,ilha_2
68,1.56683,1.84796,1.86743,0.00440847,ilha_3
68,1.86743,1.86743,1.86743,1.49602e-12,ilha_4
68,1.86738,1.86743,1.86743,1.13969e-10,ilha_5
69,1.86704,1.86741,1.86743,7.36255e-09,ilha_0
69,1.84739,1.86643,1.86743,1.90809e-05,ilha_1
69,-1.39549,1.54114,1.86743,0.958201,ilha_2
69,-1.39549,1.70409,1.86743,0.505656,ilha_3
69,-1.78553,1.68318,1.86743,0.633282,ilha_4
69,-1.39549,1.70412,1.86743,0.505664,ilha_5
70,1.79576,1.86385,1.86743,0.000243972,ilha_0
70,-1.78735,1.68391,1.86743,0.634205,ilha_1
70,1.56683,1.83739,1.86743,0.00812031,ilha_2
70,1.56683,1.8524,1.86743,0.00429206,ilha_3
70,-1.78553,1.68477,1.86743,0.633842,ilha_4
70,1.86704,1.86741,1.86743,7.15637e-09,ilha_5
71,1.86719,1.86742,1.86743,2.81313e-09,ilha_0
71,-1.7797,1.68507,1.86743,0.631822,ilha_1
71,-0.0342504,1.74161,1.86743,0.174439,ilha_2
71,1.86704,1.8674,1.86743,9.50004e-09,ilha_3
71,1.56683,1.85159,1.86743,0.00427963,ilha_4
71,1.79576,1.86385,1.86743,0.000243972,ilha_5
72,1.55338,1.85173,1.86743,0.00468472,ilha_0
72,1.79576,1.86385,1.86743,0.000243972,ilha_1
72,-1.39549,1.70347,1.86743,0.505464,ilha_2
72,1.86719,1.86742,1.86743,2.81313e-09,ilha_3
72,1.79576,1.86385,1.86743,0.000243972,ilha_4
72,-0.0342504,1.74146,1.86743,0.174401,ilha_5
73,1.55338,1.85173,1.86743,0.00468479,ilha_0
73,1.85157,1.86664,1.86743,1.19426e-05,ilha_1
73,-1.39549,1.70428,1.86743,0.505717,ilha_2
73,1.86743,1.86743,1.86743,3.70614e-14,ilha_3
73,1.86738,1.86743,1.86743,1.27172e-10,ilha_4
73,-1.78553,1.58953,1.86743,0.770796,ilha_5
74,-1.78553,1.68478,1.86743,0.633846,ilha_0
74,1.86743,1.86743,1.86743,4.43734e-31,ilha_1
74,1.86719,1.86742,1.86743,2.80724e-09,ilha_2
74,-0.0340628,1.75733,1.86743,0.173179,ilha_3
74,-1.78553,1.58875,1.86743,0.770378,ilha_4
74,-1.39549,1.60905,1.86743,0.646393,ilha_5
75,1.56683,1.81876,1.86743,0.0114418,ilha_0
75,1.79576,1.86382,1.86743,0.000243755,ilha_1
75,1.56727,1.85242,1.86743,0.00427945,ilha_2
75,1.86743,1.86743,1.86743,1.49288e-12,ilha_3
75,-1.78553,1.46985,1.86743,1.18622,ilha_4
75,-0.0342504,1.77235,1.86743,0.171779,ilha_5
76,1.79576,1.86305,1.86743,0.000250213,ilha_0
76,-0.034813,1.77227,1.86743,0.171872,ilha_1
76,-1.78553,1.32775,1.86743,1.27068,ilha_2
76,1.79576,1.86305,1.86743,0.000250233,ilha_3
76,-1.78553,1.50213,1.86743,1.20097,ilha_4
76,1.86704,1.86741,1.86743,7.15035e-09,ilha_5
77,1.86743,1.86743,1.86743,6.94812e-18,ilha_0
77,-1.78553,1.52163,1.86743,1.07997,ilha_1
77,-0.0342504,1.74229,1.86743,0.174195,ilha_2
77,-1.78553,1.68461,1.86743,0.633783,ilha_3
77,-1.76733,1.68569,1.86743,0.627545,ilha_4
77,1.56683,1.8524,1.86743,0.00429212,ilha_5
78,1.79576,1.86295,1.86743,0.000252207,ilha_0
78,-1.78553,1.66892,1.86743,0.63273,ilha_1
78,1.8644,1.86728,1.86743,4.36706e-07,ilha_2
78,-1.39549,1.70398,1.86743,0.505618,ilha_3
78,1.8644,1.86713,1.86743,8.27426e-07,ilha_4
78,1.86743,1.86743,1.86743,8.27919e-13,ilha_5
79,-0.0342504,1.77219,1.86743,0.17175,ilha_0
79,1.79576,1.86366,1.86743,0.000243096,ilha_1
79,1.85161,1.86664,1.86743,1.18898e-05,ilha_2
79,1.86704,1.86741,1.86743,7.1598e-09,ilha_3
79,1.55338,1.85093,1.86743,0.00467175,ilha_4
79,-0.0342504,1.76851,1.86743,0.171293,ilha_5
80,-0.0342504,1.77219,1.86743,0.17175,ilha_0
80,1.55239,1.85165,1.86743,0.00471335,ilha_1
80,1.85157,1.86664,1.86743,1.19422e-05,ilha_2
80,-1.39549,1.7007,1.86743,0.504791,ilha_3
80,1.55338,1.85173,1.86743,0.00468471,ilha_4
80,1.86743,1.86743,1.86743,8.27919e-13,ilha_5
81,1.62321,1.85121,1.86743,0.00304105,ilha_0
81,1.79576,1.86383,1.86743,0.000243838,ilha_1
81,-1.78553,1.63819,1.86743,0.639104,ilha_2
81,1.79576,1.86385,1.86743,0.000243972,ilha_3
81,1.86738,1.86743,1.86743,1.90234e-10,ilha_4
81,-0.0342504,1.75662,1.86743,0.173473,ilha_5
82,1.86743,1.86743,1.86743,1.5083e-12,ilha_0
82,1.85157,1.86663,1.86743,1.19376e-05,ilha_1
82,-1.78553,1.58968,1.86743,0.77088,ilha_2
82,-1.39549,1.70413,1.86743,0.505668,ilha_3
82,-1.78557,1.68478,1.86743,0.633859,ilha_4
82,1.86742,1.86743,1.86743,6.88628e-12,ilha_5
83,1.86704,1.86741,1.86743,7.17151e-09,ilha_0
83,-1.78553,1.68478,1.86743,0.633845,ilha_1
83,-1.78553,1.68119,1.86743,0.632777,ilha_2
83,-0.0342504,1.77235,1.86743,0.171779,ilha_3
83,1.86743,1.86743,1.86743,1.49602e-12,ilha_4
83,1.86743,1.86743,1.86743,4.43734e-31,ilha_5
84,1.85157,1.86663,1.86743,1.19262e-05,ilha_0
84,1.8644,1.86728,1.86743,4.36748e-07,ilha_1
84,-1.78735,1.6682,1.86743,0.633122,ilha_2
84,-1.39549,1.6092,1.86743,0.646471,ilha_3
84,-1.39549,1.70428,1.86743,0.505717,ilha_4
84,1.55338,1.83311,1.86743,0.0085286,ilha_5
85,-1.78553,1.68118,1.86743,0.632774,ilha_0
85,-1.78429,1.66964,1.86743,0.632153,ilha_1
85,1.86743,1.86743,1.86743,4.43734e-31,ilha_2
85,-1.39549,1.70428,1.86743,0.505717,ilha_3
85,1.8644,1.86727,1.86743,4.3594e-07,ilha_4
85,1.55338,1.84455,1.86743,0.00492143,ilha_5
86,1.56683,1.8524,1.86743,0.00429206,ilha_0
86,1.8644,1.86726,1.86743,4.3801e-07,ilha_1
86,1.8644,1.86728,1.86743,4.36234e-07,ilha_2
86,-1.78553,1.66975,1.86743,0.632648,ilha_3
86,1.86719,1.86742,1.86743,2.80759e-09,ilha_4
86,1.79576,1.86385,1.86743,0.000243972,ilha_5
87,1.8644,1.86728,1.86743,4.36745e-07,ilha_0
87,1.8644,1.86728,1.86743,4.36234e-07,ilha_1
87,-1.78553,1.65114,1.86743,0.629717,ilha_2
87,-1.39549,1.70427,1.86743,0.505713,ilha_3
87,1.86743,1.86743,1.86743,4.43734e-31,ilha_4
87,1.86743,1.86743,1.86743,1.08652e-15,ilha_5
88,1.55338,1.85141,1.86743,0.0046757,ilha_0
88,-0.0342504,1.77233,1.86743,0.171775,ilha_1
88,1.56683,1.8524,1.86743,0.00429213,ilha_2
88,1.86719,1.86742,1.86743,2.81302e-09,ilha_3
88,-1.39549,1.6092,1.86743,0.646469,ilha_4
88,1.86704,1.86741,1.86743,7.1709e-09,ilha_5
89,1.86719,1.86739,1.86743,7.55103e-09,ilha_0
89,-1.78553,1.66975,1.86743,0.632648,ilha_1
89,1.56683,1.85225,1.86743,0.00428801,ilha_2
89,1.86719,1.86742,1.86743,2.81206e-09,ilha_3
89,-0.0342504,1.77235,1.86743,0.171779,ilha_4
89,1.86743,1.86743,1.86743,4.43734e-31,ilha_5
90,-0.0342504,1.75373,1.86743,0.172667,ilha_0
90,1.86743,1.86743,1.86743,3.73274e-17,ilha_1
90,-1.78553,1.42654,1.86743,1.18598,ilha_2
90,1.8644,1.86728,1.86743,4.36732e-07,ilha_3
90,-1.78786,1.58958,1.86743,0.771676,ilha_4
90,1.85157,1.86664,1.86743,1.19427e-05,ilha_5
91,1.79576,1.86385,1.86743,0.000243955,ilha_0
91,1.79576,1.86305,1.86743,0.000250232,ilha_1
91,1.56787,1.85244,1.86743,0.00426222,ilha_2
91,1.86704,1.86741,1.86743,7.28284e-09,ilha_3
91,-1.39549,1.44261,1.86743,1.06434,ilha_4
91,1.85157,1.86664,1.86743,1.19427e-05,ilha_5
92,1.79576,1.86366,1.86743,0.000243296,ilha_0
92,-1.39549,1.6092,1.86743,0.646471,ilha_1
92,0.851056,1.81661,1.86743,0.0490684,ilha_2
92,1.79576,1.86303,1.86743,0.00025005,ilha_3
92,-0.035563,1.76509,1.86743,0.17111,ilha_4
92,1.86738,1.86743,1.86743,1.00401e-10,ilha_5
93,1.85157,1.86664,1.86743,1.19426e-05,ilha_0
93,1.85157,1.86663,1.86743,1.19261e-05,ilha_1
93,-0.0342504,1.77235,1.86743,0.171779,ilha_2
93,1.86704,1.86741,1.86743,7.1598e-09,ilha_3
93,1.86704,1.86741,1.86743,7.14301e-09,ilha_4
93,1.86743,1.86743,1.86743,8.2741e-13,ilha_5
94,1.55338,1.85173,1.86743,0.00468472,ilha_0
94,1.8644,1.86728,1.86743,4.36831e-07,ilha_1
94,1.85157,1.86664,1.86743,1.19427e-05,ilha_2
94,-0.0344379,1.75653,1.86743,0.173554,ilha_3
94,1.55324,1.83602,1.86743,0.00888041,ilha_4
94,1.55338,1.85172,1.86743,0.00468465,ilha_5
95,-1.78553,1.50134,1.86743,1.2004,ilha_0
95,-1.78553,1.68462,1.86743,0.633787,ilha_1
95,-1.39549,1.70428,1.86743,0.505717,ilha_2
95,1.55338,1.84814,1.86743,0.00481623,ilha_3
95,-0.0342504,1.75664,1.86743,0.17348,ilha_4
95,1.55324,1.836,1.86743,0.00887922,ilha_5
96,-1.78553,1.68477,1.86743,0.633842,ilha_0
96,1.85157,1.86664,1.86743,1.19427e-05,ilha_1
96,-1.78553,1.57041,1.86743,0.764994,ilha_2
96,-0.0342504,1.75664,1.86743,0.173477,ilha_3
96,1.55338,1.82017,1.86743,0.0125611,ilha_4
96,-1.78526,1.6626,1.86743,0.630184,ilha_5
97,1.8644,1.86728,1.86743,4.36831e-07,ilha_0
97,-1.78553,1.68399,1.86743,0.633568,ilha_1
97,1.56683,1.8524,1.86743,0.00429213,ilha_2
97,-1.39416,1.70355,1.86743,0.505053,ilha_3
97,1.86743,1.86743,1.86743,1.49569e-12,ilha_4
97,1.55338,1.85173,1.86743,0.00468479,ilha_5
98,-1.78553,1.68463,1.86743,0.633791,ilha_0
98,-1.78553,1.68477,1.86743,0.633842,ilha_1
98,-0.508538,1.73281,1.86743,0.268669,ilha_2
98,-0.0342504,1.75732,1.86743,0.173212,ilha_3
98,-1.39549,1.70428,1.86743,0.505717,ilha_4
98,1.86743,1.86743,1.86743,8.27919e-13,ilha_5
99,1.55338,1.85157,1.86743,0.00468039,ilha_0
99,-0.0342504,1.77228,1.86743,0.171767,ilha_1
99,-0.0342504,1.77235,1.86743,0.171778,ilha_2
99,1.86743,1.86743,1.86743,4.43734e-31,ilha_3
99,1.78716,1.86168,1.86743,0.000314737,ilha_4
99,1.79576,1.86385,1.86743,0.000243972,ilha_5